#Reading 1073 moment catalogues...
#Found a total of 333175 Gaia/VIS stars for LONG_202407 with exposure time 560.52
  EXT   Fit    Not    RMSratio   C0           C1         C2        RAT0.75  RAT1.75  RAT2.75 
  1-1   8848   9368   0.0211   -0.416299   0.415621  -0.065903    -0.1417   0.1092   0.2283
1-1.E   1917   2008   0.0202   -0.421664   0.413541  -0.064910    -0.1480   0.1032   0.2247
1-1.F   2275   2410   0.0194   -0.423349   0.418987  -0.067129    -0.1469   0.1043   0.2212
1-1.G   2309   2450   0.0202   -0.410965   0.413841  -0.065757    -0.1376   0.1119   0.2298
1-1.H   2355   2500   0.0215   -0.403897   0.406853  -0.063034    -0.1342   0.1151   0.2383
  1-2   8454   8839   0.0241   -0.394640   0.406918  -0.065459    -0.1263   0.1170   0.2293
1-2.E   2297   2419   0.0198   -0.403609   0.411888  -0.066410    -0.1320   0.1138   0.2269
1-2.F   2176   2281   0.0205   -0.407202   0.403461  -0.064628    -0.1410   0.1009   0.2136
1-2.G   1960   2076   0.0211   -0.377745   0.391805  -0.061963    -0.1187   0.1182   0.2311
1-2.H   1940   2063   0.0207   -0.376260   0.405920  -0.064948    -0.1084   0.1352   0.2489
  1-3   8721   9169   0.0230   -0.400531   0.409519  -0.065629    -0.1303   0.1151   0.2293
1-3.E   2210   2328   0.0196   -0.415037   0.408571  -0.065462    -0.1454   0.0995   0.2135
1-3.F   2202   2317   0.0204   -0.403646   0.411870  -0.066659    -0.1322   0.1130   0.2249
1-3.G   2149   2287   0.0210   -0.392817   0.413456  -0.066717    -0.1203   0.1264   0.2396
1-3.H   2107   2237   0.0207   -0.392058   0.404925  -0.063582    -0.1241   0.1218   0.2407
  1-4   9132   9462   0.0267   -0.398518   0.408568  -0.065853    -0.1291   0.1148   0.2270
1-4.E   2266   2397   0.0200   -0.403866   0.412363  -0.067034    -0.1323   0.1125   0.2232
1-4.F   2207   2336   0.0197   -0.424896   0.408791  -0.065428    -0.1551   0.0901   0.2045
1-4.G   2293   2399   0.0199   -0.380752   0.411418  -0.066047    -0.1093   0.1370   0.2512
1-4.H   2223   2330   0.0199   -0.392047   0.404681  -0.065134    -0.1252   0.1167   0.2283
  1-5   9165   9430   0.0300   -0.387115   0.413465  -0.067857    -0.1152   0.1286   0.2367
1-5.E   2166   2266   0.0191   -0.365319   0.412860  -0.067403    -0.0936   0.1508   0.2603
1-5.F   2247   2357   0.0187   -0.368565   0.410479  -0.066977    -0.0984   0.1447   0.2537
1-5.G   2333   2466   0.0195   -0.421778   0.413297  -0.067378    -0.1497   0.0951   0.2052
1-5.H   2240   2341   0.0186   -0.391670   0.409704  -0.066395    -0.1217   0.1220   0.2329
  1-6   7552   7833   0.0224   -0.395397   0.407150  -0.066960    -0.1277   0.1121   0.2179
1-6.E   1907   1988   0.0169   -0.413479   0.410156  -0.067716    -0.1440   0.0969   0.2023
1-6.F   2224   2338   0.0178   -0.411318   0.417109  -0.069965    -0.1378   0.1044   0.2066
1-6.G   2131   2234   0.0185   -0.376269   0.402261  -0.065383    -0.1114   0.1275   0.2355
1-6.H   1217   1273   0.0164   -0.385439   0.410194  -0.067964    -0.1160   0.1243   0.2286
  2-1   8743   9244   0.0223   -0.380331   0.411754  -0.065564    -0.1084   0.1394   0.2562
2-1.E   2255   2395   0.0205   -0.376786   0.418706  -0.067072    -0.1005   0.1505   0.2674
2-1.F   2179   2313   0.0215   -0.378767   0.410536  -0.065537    -0.1077   0.1390   0.2546
2-1.G   2110   2226   0.0208   -0.378572   0.405130  -0.064085    -0.1108   0.1341   0.2509
2-1.H   2165   2310   0.0220   -0.390636   0.414738  -0.065795    -0.1166   0.1337   0.2523
  2-2   8198   8731   0.0215   -0.385497   0.412012  -0.065353    -0.1132   0.1354   0.2533
2-2.E   1994   2115   0.0221   -0.391531   0.421955  -0.068347    -0.1135   0.1376   0.2520
2-2.F   2055   2210   0.0222   -0.380071   0.404420  -0.063313    -0.1124   0.1338   0.2533
2-2.G   2101   2235   0.0203   -0.387854   0.408560  -0.064189    -0.1175   0.1305   0.2503
2-2.H   2041   2171   0.0201   -0.384949   0.416213  -0.066469    -0.1102   0.1399   0.2570
  2-3   8485   8953   0.0226   -0.384401   0.409588  -0.064667    -0.1136   0.1343   0.2529
2-3.E   1982   2099   0.0214   -0.380249   0.416117  -0.066442    -0.1055   0.1445   0.2616
2-3.F   2137   2273   0.0216   -0.378560   0.407173  -0.063918    -0.1091   0.1382   0.2578
2-3.G   2214   2343   0.0211   -0.386121   0.404253  -0.062822    -0.1183   0.1289   0.2505
2-3.H   2121   2238   0.0213   -0.393900   0.413010  -0.066130    -0.1213   0.1263   0.2418
  2-4   9440   9839   0.0230   -0.387370   0.414477  -0.067619    -0.1145   0.1309   0.2411
2-4.E   2343   2441   0.0194   -0.369172   0.406648  -0.065584    -0.1011   0.1416   0.2531
2-4.F   2423   2543   0.0207   -0.409999   0.423525  -0.069782    -0.1316   0.1175   0.2270
2-4.G   2306   2433   0.0204   -0.384682   0.418763  -0.068382    -0.1091   0.1387   0.2498
2-4.H   2300   2422   0.0199   -0.381163   0.402085  -0.064801    -0.1160   0.1240   0.2345
  2-5   9235   9614   0.0207   -0.402759   0.415639  -0.068171    -0.1294   0.1158   0.2247
2-5.E   2279   2398   0.0181   -0.411802   0.421832  -0.069721    -0.1346   0.1129   0.2210
2-5.F   2318   2426   0.0180   -0.408340   0.416449  -0.068286    -0.1344   0.1113   0.2205
2-5.G   2328   2439   0.0192   -0.409266   0.417045  -0.069182    -0.1354   0.1087   0.2144
2-5.H   2245   2351   0.0177   -0.384590   0.411259  -0.066805    -0.1137   0.1305   0.2412
  2-6   8929   9208   0.0288   -0.382252   0.416129  -0.069084    -0.1090   0.1344   0.2397
2-6.E   2070   2182   0.0173   -0.346810   0.414565  -0.068930    -0.0747   0.1676   0.2720
2-6.F   2294   2399   0.0187   -0.399348   0.412710  -0.067760    -0.1279   0.1154   0.2232
2-6.G   2331   2435   0.0177   -0.402769   0.417003  -0.069349    -0.1290   0.1146   0.2195
2-6.H   2080   2192   0.0177   -0.369786   0.410615  -0.067706    -0.0999   0.1414   0.2474
  3-1   8556   9015   0.0228   -0.404788   0.412287  -0.065395    -0.1324   0.1164   0.2345
3-1.E   2119   2249   0.0224   -0.415087   0.414331  -0.065838    -0.1414   0.1084   0.2264
3-1.F   2018   2141   0.0215   -0.399567   0.415993  -0.066582    -0.1250   0.1245   0.2409
3-1.G   2162   2280   0.0213   -0.405291   0.408993  -0.064521    -0.1348   0.1129   0.2315
3-1.H   2233   2345   0.0216   -0.400499   0.410069  -0.064471    -0.1292   0.1197   0.2396
  3-2   8530   8994   0.0234   -0.406059   0.413814  -0.066004    -0.1328   0.1160   0.2328
3-2.E   2136   2253   0.0221   -0.407310   0.418853  -0.066965    -0.1308   0.1206   0.2381
3-2.F   2129   2253   0.0204   -0.398326   0.408887  -0.064379    -0.1279   0.1201   0.2392
3-2.G   2140   2268   0.0213   -0.415625   0.407392  -0.064695    -0.1465   0.0992   0.2154
3-2.H   2087   2220   0.0215   -0.399453   0.413573  -0.065768    -0.1263   0.1229   0.2405
  3-3   9102   9625   0.0219   -0.421173   0.408816  -0.064075    -0.1506   0.0980   0.2185
3-3.E   2165   2290   0.0212   -0.416730   0.414516  -0.065775    -0.1428   0.1072   0.2258
3-3.F   2306   2455   0.0216   -0.420260   0.404781  -0.062606    -0.1519   0.0964   0.2194
3-3.G   2342   2482   0.0214   -0.422450   0.405430  -0.063485    -0.1541   0.0926   0.2124
3-3.H   2265   2398   0.0209   -0.423119   0.408570  -0.063964    -0.1527   0.0960   0.2167
  3-4   9459   9854   0.0219   -0.420985   0.414110  -0.066139    -0.1476   0.1012   0.2176
3-4.E   2391   2489   0.0206   -0.409996   0.412584  -0.065914    -0.1376   0.1102   0.2261
3-4.F   2288   2408   0.0203   -0.439889   0.422214  -0.067961    -0.1615   0.0909   0.2072
3-4.G   2387   2495   0.0196   -0.422282   0.422791  -0.068143    -0.1435   0.1089   0.2251
3-4.H   2346   2462   0.0187   -0.420406   0.407177  -0.064623    -0.1514   0.0942   0.2106
  3-5   8946   9403   0.0189   -0.378921   0.409983  -0.066498    -0.1088   0.1349   0.2456
3-5.E   2175   2282   0.0180   -0.370907   0.406495  -0.066063    -0.1032   0.1381   0.2474
3-5.F   2279   2402   0.0195   -0.380459   0.411260  -0.066225    -0.1093   0.1364   0.2497
3-5.G   2243   2380   0.0179   -0.378913   0.411967  -0.066711    -0.1075   0.1377   0.2495
3-5.H   2236   2339   0.0182   -0.383866   0.407952  -0.066206    -0.1151   0.1273   0.2373
  3-6   7946   8277   0.0171   -0.376356   0.412162  -0.067842    -0.1054   0.1372   0.2440
3-6.E   1813   1889   0.0167   -0.379515   0.415384  -0.068808    -0.1067   0.1367   0.2424
3-6.F   2167   2261   0.0172   -0.376276   0.408019  -0.066455    -0.1076   0.1342   0.2432
3-6.G   2101   2195   0.0169   -0.375720   0.412788  -0.068093    -0.1044   0.1381   0.2445
3-6.H   1862   1932   0.0171   -0.370064   0.407351  -0.066508    -0.1020   0.1391   0.2472
  4-1   9362   9815   0.0219   -0.377043   0.416613  -0.065606    -0.1015   0.1511   0.2725
4-1.E   2368   2497   0.0207   -0.372865   0.415986  -0.065650    -0.0978   0.1541   0.2746
4-1.F   2268   2387   0.0199   -0.370615   0.418638  -0.066089    -0.0938   0.1596   0.2808
4-1.G   2266   2400   0.0198   -0.375382   0.416447  -0.065141    -0.0997   0.1539   0.2772
4-1.H   2402   2531   0.0196   -0.387350   0.413741  -0.065257    -0.1138   0.1368   0.2569
  4-2   9023   9512   0.0217   -0.377820   0.410044  -0.064130    -0.1064   0.1434   0.2648
4-2.E   2135   2263   0.0207   -0.382811   0.410440  -0.064638    -0.1113   0.1375   0.2571
4-2.F   2244   2359   0.0206   -0.372060   0.409432  -0.063536    -0.1007   0.1499   0.2734
4-2.G   2333   2471   0.0198   -0.377611   0.418566  -0.066162    -0.1009   0.1523   0.2731
4-2.H   2287   2419   0.0198   -0.383456   0.404938  -0.062611    -0.1150   0.1334   0.2566
  4-3   9266   9720   0.0227   -0.378593   0.417396  -0.067434    -0.1035   0.1453   0.2593
4-3.E   2252   2383   0.0213   -0.370563   0.417842  -0.067668    -0.0952   0.1534   0.2668
4-3.F   2285   2410   0.0201   -0.378889   0.420441  -0.067855    -0.1017   0.1491   0.2642
4-3.G   2329   2460   0.0202   -0.378502   0.421220  -0.068319    -0.1010   0.1494   0.2632
4-3.H   2347   2467   0.0207   -0.389087   0.413493  -0.066878    -0.1166   0.1297   0.2423
  4-4   9317   9723   0.0227   -0.377627   0.410273  -0.065078    -0.1065   0.1410   0.2585
4-4.E   2377   2484   0.0190   -0.378813   0.413744  -0.066440    -0.1059   0.1418   0.2565
4-4.F   2294   2420   0.0192   -0.381186   0.408848  -0.064430    -0.1108   0.1370   0.2559
4-4.G   2268   2409   0.0200   -0.393019   0.410337  -0.064775    -0.1217   0.1267   0.2455
4-4.H   2316   2410   0.0198   -0.365550   0.416645  -0.066915    -0.0907   0.1587   0.2742
  4-5   9539   9942   0.0235   -0.386602   0.408007  -0.065867    -0.1176   0.1257   0.2373
4-5.E   2378   2525   0.0199   -0.393292   0.416336  -0.067972    -0.1193   0.1271   0.2376
4-5.F   2365   2482   0.0192   -0.369889   0.402062  -0.063967    -0.1043   0.1378   0.2520
4-5.G   2354   2467   0.0197   -0.403721   0.403777  -0.064743    -0.1373   0.1046   0.2171
4-5.H   2361   2468   0.0191   -0.384208   0.413799  -0.067609    -0.1119   0.1329   0.2424
  4-6   8710   8954   0.0253   -0.364250   0.411356  -0.067368    -0.0936   0.1493   0.2575
4-6.E   2045   2118   0.0176   -0.353093   0.419167  -0.069498    -0.0778   0.1676   0.2740
4-6.F   2287   2406   0.0190   -0.362220   0.411504  -0.066952    -0.0913   0.1529   0.2631
4-6.G   2234   2327   0.0188   -0.392370   0.410201  -0.066568    -0.1222   0.1216   0.2323
4-6.H   2034   2103   0.0174   -0.357301   0.411428  -0.067271    -0.0866   0.1567   0.2654
  5-1   9705  10136   0.0204   -0.403121   0.409850  -0.064123    -0.1318   0.1177   0.2390
5-1.E   2366   2470   0.0204   -0.408041   0.409968  -0.063961    -0.1365   0.1135   0.2357
5-1.F   2447   2560   0.0192   -0.396766   0.407564  -0.063807    -0.1270   0.1211   0.2415
5-1.G   2457   2565   0.0191   -0.407859   0.410026  -0.064651    -0.1367   0.1117   0.2308
5-1.H   2418   2541   0.0199   -0.402215   0.414003  -0.064515    -0.1280   0.1247   0.2484
  5-2   9698  10110   0.0220   -0.409294   0.413278  -0.066011    -0.1365   0.1118   0.2280
5-2.E   2362   2495   0.0195   -0.415345   0.419782  -0.067575    -0.1385   0.1123   0.2280
5-2.F   2387   2497   0.0188   -0.394030   0.417626  -0.067690    -0.1189   0.1295   0.2425
5-2.G   2420   2536   0.0191   -0.415499   0.412966  -0.066509    -0.1432   0.1035   0.2172
5-2.H   2453   2582   0.0185   -0.416998   0.410541  -0.064953    -0.1456   0.1025   0.2208
  5-3   9302   9563   0.0292   -0.418245   0.415228  -0.066844    -0.1444   0.1037   0.2181
5-3.E   2313   2420   0.0201   -0.437381   0.419886  -0.068130    -0.1608   0.0888   0.2021
5-3.F   2370   2460   0.0209   -0.437423   0.413668  -0.066487    -0.1646   0.0829   0.1974
5-3.G   2192   2287   0.0203   -0.415668   0.417830  -0.067257    -0.1401   0.1096   0.2247
5-3.H   2283   2396   0.0202   -0.387035   0.413727  -0.066282    -0.1140   0.1340   0.2495
  5-4   9311   9656   0.0235   -0.397481   0.402599  -0.065259    -0.1322   0.1072   0.2161
5-4.E   2289   2396   0.0189   -0.390444   0.400838  -0.064823    -0.1263   0.1125   0.2216
5-4.F   2328   2440   0.0195   -0.381592   0.400825  -0.064419    -0.1172   0.1226   0.2335
5-4.G   2375   2482   0.0183   -0.420688   0.406341  -0.066729    -0.1535   0.0861   0.1921
5-4.H   2237   2338   0.0179   -0.400241   0.406785  -0.066450    -0.1325   0.1081   0.2159
  5-5   9307   9768   0.0192   -0.407578   0.407356  -0.067378    -0.1400   0.0990   0.2031
5-5.E   2324   2430   0.0188   -0.410844   0.404889  -0.066717    -0.1447   0.0934   0.1980
5-5.F   2232   2349   0.0182   -0.416980   0.414427  -0.069514    -0.1453   0.0954   0.1970
5-5.G   2337   2441   0.0177   -0.398234   0.402244  -0.066042    -0.1337   0.1034   0.2085
5-5.H   2396   2548   0.0198   -0.407416   0.410817  -0.067795    -0.1374   0.1039   0.2096
  5-6   8493   8811   0.0195   -0.396619   0.412812  -0.069015    -0.1258   0.1144   0.2167
5-6.E   1960   2034   0.0172   -0.386187   0.416877  -0.070799    -0.1134   0.1265   0.2248
5-6.F   2207   2292   0.0181   -0.405550   0.418854  -0.070394    -0.1310   0.1119   0.2139
5-6.G   2167   2271   0.0178   -0.408566   0.412910  -0.068278    -0.1373   0.1049   0.2106
5-6.H   2121   2214   0.0167   -0.389779   0.409387  -0.068831    -0.1215   0.1159   0.2155
  6-1   9042   9340   0.0228   -0.398391   0.412895  -0.065239    -0.1254   0.1244   0.2437
6-1.E   2375   2491   0.0189   -0.400943   0.419649  -0.067350    -0.1241   0.1272   0.2438
6-1.F   2334   2418   0.0185   -0.380410   0.411225  -0.064484    -0.1083   0.1417   0.2628
6-1.G   2346   2437   0.0182   -0.400646   0.408248  -0.063759    -0.1303   0.1185   0.2399
6-1.H   1913   1994   0.0184   -0.419718   0.419057  -0.067596    -0.1434   0.1066   0.2215
  6-2   9024   9394   0.0180   -0.416824   0.412044  -0.066958    -0.1455   0.0992   0.2099
6-2.E   2439   2537   0.0185   -0.415972   0.412358  -0.066976    -0.1444   0.1005   0.2115
6-2.F   2285   2388   0.0179   -0.421487   0.412474  -0.067127    -0.1499   0.0948   0.2052
6-2.G   2137   2194   0.0172   -0.411543   0.412585  -0.067423    -0.1400   0.1040   0.2132
6-2.H   2169   2275   0.0170   -0.418953   0.411512  -0.066517    -0.1477   0.0975   0.2097
  6-3   8438   8736   0.0191   -0.411907   0.413153  -0.066796    -0.1396   0.1065   0.2191
6-3.E   2145   2237   0.0182   -0.422830   0.415639  -0.067550    -0.1491   0.0977   0.2093
6-3.F   2138   2211   0.0184   -0.410309   0.405981  -0.064812    -0.1423   0.1017   0.2160
6-3.G   2034   2111   0.0172   -0.409357   0.416012  -0.067724    -0.1354   0.1113   0.2225
6-3.H   2098   2177   0.0168   -0.405344   0.414673  -0.066781    -0.1319   0.1158   0.2300
  6-4   9025   9385   0.0212   -0.379271   0.414519  -0.067405    -0.1063   0.1397   0.2509
6-4.E   2219   2305   0.0176   -0.380849   0.412128  -0.066960    -0.1094   0.1353   0.2461
6-4.F   2088   2180   0.0181   -0.366501   0.419557  -0.068432    -0.0903   0.1581   0.2698
6-4.G   2339   2462   0.0192   -0.378930   0.409787  -0.065529    -0.1085   0.1375   0.2524
6-4.H   2331   2438   0.0182   -0.388642   0.412959  -0.067032    -0.1166   0.1288   0.2401
  6-5   8785   9158   0.0194   -0.391530   0.416824  -0.068605    -0.1175   0.1278   0.2359
6-5.E   2089   2182   0.0192   -0.398203   0.412312  -0.067210    -0.1268   0.1175   0.2274
6-5.F   2284   2396   0.0184   -0.389781   0.414322  -0.068276    -0.1174   0.1262   0.2333
6-5.G   2223   2335   0.0177   -0.390663   0.423209  -0.070551    -0.1129   0.1339   0.2396
6-5.H   2155   2245   0.0178   -0.385443   0.413595  -0.067281    -0.1131   0.1323   0.2431
  6-6   6403   6594   0.0199   -0.406333   0.413439  -0.068897    -0.1350   0.1062   0.2096
6-6.E    935    969   0.0162   -0.422686   0.415979  -0.070469    -0.1503   0.0895   0.1883
6-6.F   1809   1871   0.0177   -0.403382   0.413880  -0.069352    -0.1320   0.1085   0.2103
6-6.G   1938   2013   0.0172   -0.393063   0.412446  -0.068653    -0.1223   0.1185   0.2220
6-6.H   1690   1741   0.0162   -0.411796   0.412598  -0.069289    -0.1413   0.0981   0.1988
